////// Diffusion 192 bits
/////////Method 2
Rounds  arith_mean      quad_mean       std     min     max
1       95.50            95.75          6.93    67      129
2       96.00            96.25          6.94    65      130
3       96.02            96.27          6.91    64      128
4       96.00            96.25          6.94    66      129
5       96.00            96.25          6.91    63      131
6       96.00            96.25          6.92    64      124
7       96.01            96.26          6.92    64      125


////// Inverse Diffusion 192 bits
/////////Method 2
Rounds  arith_mean      quad_mean       std     min     max
1       95.47            95.76          7.39    65      125
2       96.01            96.26          6.92    65      126
3       95.99            96.24          6.92    66      125
4       96.01            96.26          6.91    66      128
5       95.98            96.23          6.92    68      125
6       96.03            96.27          6.91    64      127
7       95.99            96.24          6.94    64      126

///////////////////////////////////////////////////////////////

////// Diffusion 256 bits
/////////Method 2
Rounds  arith_mean      quad_mean       std     min     max
1       127.84          128.09          8.01    94      167
2       127.98          128.23          7.99    95      164
3       128.00          128.25          8.00    91      167
4       127.98          128.23          8.00    93      165
5       127.99          128.24          8.00    92      164
6       128.00          128.25          8.02    91      164
7       128.02          128.27          7.98    92      163


////// Inverse Diffusion 256 bits
/////////Method 2
Rounds  arith_mean      quad_mean       std     min     max
1       124.00          126.20         23.46    2       163
2       127.98          128.23          8.01    88      165
3       128.02          128.27          8.01    92      170
4       128.03          128.28          7.99    93      165
5       127.99          128.24          8.02    88      166
6       128.01          128.26          8.02    94      165
7       128.02          128.26          7.99    95      165

///////////////////////////////////////////////////////////////

////// Diffusion 320 bits
/////////Method 2
Rounds  arith_mean      quad_mean       std     min     max
1       158.78          159.03          8.95    115     201
2       160.03          160.28          8.93    120     202
3       160.01          160.26          8.94    121     201
4       160.01          160.26          8.93    120     198
5       160.00          160.25          8.96    120     200
6       160.02          160.27          8.94    121     198
7       159.99          160.24          8.95    119     203


////// Inverse Diffusion 320 bits
/////////Method 2
Rounds  arith_mean      quad_mean       std     min     max
1       159.99          160.24          8.94    2       203
2       159.99          160.24          8.95    118     200
3       159.98          160.23          8.95    114     208
4       160.02          160.27          8.96    121     203
5       160.03          160.28          8.94    120     197
6       160.01          160.26          8.95    118     202
7       160.02          160.27          8.97    122     201

///////////////////////////////////////////////////////////////

////// Diffusion 384 bits
/////////Method 2
Rounds  arith_mean      quad_mean       std     min     max
1       191.22          191.47          9.86    145     235
2       192.00          192.25          9.81    148     238
3       192.02          192.27          9.82    150     238
4       191.98          192.23          9.79    144     238
5       192.02          192.27          9.79    147     236
6       191.99          192.25          9.81    148     239
7       191.99          192.24          9.80    148     239


////// Inverse Diffusion 384 bits
/////////Method 2
Rounds  arith_mean      quad_mean       std     min     max
1       191.99          192.24          9.82    147     236
2       192.00          192.24          9.77    148     241
3       192.00          192.25          9.79    146     236
4       192.00          192.25          9.80    145     241
5       192.00          192.25          9.79    147     234
6       192.00          192.25          9.78    149     241
7       192.00          192.25          9.79    142     238

///////////////////////////////////////////////////////////////

////// Diffusion 512 bits
/////////Method 2
Rounds  arith_mean      quad_mean       std     min     max
1       257.58          257.83         11.34    207     310
2       256.00          256.25         11.30    203     307
3       256.01          256.26         11.31    206     313
4       256.00          256.25         11.32    205     306
5       256.00          256.25         11.33    205     307
6       256.02          256.27         11.32    204     310
7       256.03          256.28         11.32    207     308


////// Inverse Diffusion 512 bits
/////////Method 2
Rounds  arith_mean      quad_mean       std     min     max
1       255.99          256.24         11.33    204     307
2       256.01          256.26         11.31    203     306
3       256.00          256.25         11.32    207     305
4       255.99          256.24         11.29    202     317
5       255.99          256.24         11.32    201     306
6       256.01          256.26         11.33    199     310
7       256.01          256.26         11.31    206     306

///////////////////////////////////////////////////////////////

////// Diffusion 768 bits
/////////Method 2
Rounds  arith_mean      quad_mean       std     min     max
1       380.86          381.12         14.18    317     445
2       384.00          384.25         13.86    315     448
3       384.01          384.26         13.86    317     443
4       383.99          384.24         13.85    315     452
5       384.02          384.27         13.85    320     447
6       383.99          384.24         13.86    322     457
7       383.97          384.22         13.83    319     445
8       384.03          384.28         13.86    318     455
9       384.01          384.26         13.86    320     450


////// Inverse Diffusion 768 bits
/////////Method 2
Rounds  arith_mean      quad_mean       std     min     max
1       383.96          384.21         13.95    322     448
2       384.01          384.26         13.87    319     452
3       383.99          384.24         13.86    314     453
4       383.98          384.23         13.84    317     449
5       384.01          384.26         13.85    322     455
6       384.00          384.25         13.85    312     450
7       383.98          384.23         13.86    322     454
8       383.99          384.24         13.84    319     448
9       384.00          384.25         13.87    321     445

///////////////////////////////////////////////////////////////

////// Diffusion 1024 bits
/////////Method 2
Rounds  arith_mean      quad_mean       std     min     max
1       508.64          508.89         16.12    435     585
2       512.06          512.31         16.00    436     591
3       511.99          512.24         16.00    436     589
4       512.02          512.27         15.99    439     589
5       512.00          512.25         16.01    436     597
6       512.00          512.25         16.00    435     595
7       512.00          512.25         15.99    434     585
8       512.03          512.28         15.99    434     587
9       511.99          512.24         16.00    438     588


////// Inverse Diffusion 1024 bits
/////////Method 2
Rounds  arith_mean      quad_mean       std     min     max
1       512.00          512.26         16.11    442     584
2       511.98          512.23         16.01    434     596
3       511.99          512.24         16.00    432     582
4       511.98          512.23         15.98    434     586
5       512.02          512.27         15.97    440     587
6       511.98          512.23         16.01    432     586
7       512.00          512.26         16.01    434     594
8       512.02          512.27         16.01    437     589
9       511.99          512.24         16.00    428     586

///////////////////////////////////////////////////////////////

////// Diffusion 1600 bits
/////////Method 2
Rounds  arith_mean      quad_mean       std     min     max
1       784.09          784.36         20.60    685     883
2       800.06          800.31         20.01    697     899
3       799.97          800.22         19.98    703     897
4       799.99          800.24         20.01    699     890
5       799.98          800.23         20.01    698     899
6       800.00          800.25         20.00    705     896
7       799.99          800.24         19.97    702     895
8       799.99          800.23         19.99    703     900
9       800.00          800.25         20.01    701     903


////// Inverse Diffusion 1600 bits
/////////Method 2
Rounds  arith_mean      quad_mean       std     min     max
1       800.06          800.32         20.08    706     890
2       799.96          800.21         20.01    694     903
3       800.00          800.25         19.98    697     900
4       799.99          800.24         19.98    702     899
5       799.98          800.23         20.02    703     896
6       800.01          800.26         19.99    707     898
7       800.03          800.28         19.98    697     895
8       799.98          800.23         20.00    703     901
9       800.00          800.25         19.99    703     892

///////////////////////////////////////////////////////////////

////// Diffusion 2048 bits
/////////Method 2
Rounds  arith_mean      quad_mean       std     min     max
1       1016.57        1016.83         23.16    900     1131
2       1024.08        1024.33         22.65    917     1143
3       1024.01        1024.26         22.66    922     1135
4       1023.95        1024.20         22.63    909     1134
5       1023.99        1024.24         22.63    915     1144
6       1024.00        1024.25         22.65    920     1139
7       1024.02        1024.27         22.62    912     1138
8       1024.00        1024.25         22.64    913     1149
9       1024.01        1024.26         22.63    909     1137
10      1024.00        1024.25         22.65    908     1137
11      1024.01        1024.26         22.62    904     1140


////// Inverse Diffusion 2048 bits
/////////Method 2
Rounds  arith_mean      quad_mean       std     min     max
1       1022.37        1022.62         22.71    894     1135
2       1024.03        1024.28         22.60    918     1141
3       1024.02        1024.27         22.59    908     1139
4       1023.98        1024.23         22.61    916     1143
5       1024.00        1024.25         22.65    914     1135
6       1024.00        1024.25         22.61    911     1133
7       1024.01        1024.26         22.62    907     1129
8       1024.00        1024.25         22.63    914     1133
9       1023.98        1024.23         22.62    909     1132
10      1024.00        1024.25         22.64    916     1138
11      1024.01        1024.26         22.63    913     1134

///////////////////////////////////////////////////////////////

////// Diffusion 4096 bits
/////////Method 2
Rounds  arith_mean      quad_mean       std     min     max
1       2032.58        2032.84         32.25    1894    2187
2       2047.68        2047.92         31.80    1900    2191
3       2048.26        2048.51         31.96    1885    2197
4       2047.93        2048.18         32.04    1901    2205
5       2048.00        2048.25         32.04    1888    2207
6       2047.98        2048.23         32.01    1899    2201
7       2048.01        2048.26         32.03    1876    2204
8       2048.01        2048.26         32.01    1888    2206
9       2047.97        2048.22         31.97    1888    2208
10      2048.04        2048.29         31.99    1892    2204
11      2047.97        2048.23         32.04    1877    2195


////// Inverse Diffusion 4096 bits
/////////Method 2
Rounds  arith_mean      quad_mean       std     min     max
1       2046.30        2046.55         32.23    1897    2207
2       2047.81        2048.06         31.87    1899    2205
3       2048.05        2048.30         31.92    1889    2196
4       2048.04        2048.29         32.06    1882    2202
5       2048.05        2048.30         31.99    1887    2234
6       2048.02        2048.27         32.00    1889    2219
7       2047.99        2048.24         31.98    1894    2206
8       2047.98        2048.23         32.00    1887    2202
9       2048.01        2048.26         31.99    1883    2218
10      2047.99        2048.24         31.99    1885    2227
11      2048.02        2048.27         32.00    1872    2210

///////////////////////////////////////////////////////////////